 $ MLC Leaves B pos														
tr6		-16	10.75	c3	0	0	0	0	0	0	0	0	0	2	$B1
tr7		-16	10.25	c3	0	0	0	0	0	0	0	0	0	2	$B2
tr8		-16	9.75	c3	0	0	0	0	0	0	0	0	0	2	$B3
tr9		-16	9.25	c3	0	0	0	0	0	0	0	0	0	2	$B4
tr10	-16	8.75	c3	0	0	0	0	0	0	0	0	0	2	$B5
tr11	-16	8.25	c3	0	0	0	0	0	0	0	0	0	2	$B6
tr12	-16	7.75	c3	0	0	0	0	0	0	0	0	0	2	$B7
tr13	-16	7.25	c3	0	0	0	0	0	0	0	0	0	2	$B8
tr14	-16	6.75	c3	0	0	0	0	0	0	0	0	0	2	$B9
tr15	-16	6.25	c3	0	0	0	0	0	0	0	0	0	2	$B10
tr16	-16	5.75	c3	0	0	0	0	0	0	0	0	0	2	$B11
tr17	-16	5.25	c3	0	0	0	0	0	0	0	0	0	2	$B12
tr18	-16	4.75	c3	0	0	0	0	0	0	0	0	0	2	$B13
tr19	-16	4.25	c3	0	0	0	0	0	0	0	0	0	2	$B14
tr20	-16	3.875	c3	0	0	0	0	0	0	0	0	0	2	$B15
tr21	-16	3.625	c3	0	0	0	0	0	0	0	0	0	2	$B16
tr22	-16	3.375	c3	0	0	0	0	0	0	0	0	0	2	$B17
tr23	-16	3.125	c3	0	0	0	0	0	0	0	0	0	2	$B18
tr24	-16	2.875	c3	0	0	0	0	0	0	0	0	0	2	$B19
tr25	-16	2.625	c3	0	0	0	0	0	0	0	0	0	2	$B20
tr26	-16	2.375	c3	0	0	0	0	0	0	0	0	0	2	$B21
tr27	-16	2.125	c3	0	0	0	0	0	0	0	0	0	2	$B22
tr28	-16	1.875	c3	0	0	0	0	0	0	0	0	0	2	$B23
tr29	-16	1.625	c3	0	0	0	0	0	0	0	0	0	2	$B24
tr30	-16	1.375	c3	0	0	0	0	0	0	0	0	0	2	$B25
tr31	-16	1.125	c3	0	0	0	0	0	0	0	0	0	2	$B26
tr32	-17	0.875	c3	0	0	0	0	0	0	0	0	0	2	$B27
tr33	-17	0.625	c3	0	0	0	0	0	0	0	0	0	2	$B28
tr34	-17	0.375	c3	0	0	0	0	0	0	0	0	0	2	$B29
tr35	-17	0.125	c3	0	0	0	0	0	0	0	0	0	2	$B30
tr36	-17	-0.125	c3	0	0	0	0	0	0	0	0	0	2	$B31
tr37	-17	-0.375	c3	0	0	0	0	0	0	0	0	0	2	$B32
tr38	-17	-0.625	c3	0	0	0	0	0	0	0	0	0	2	$B33
tr39	-17	-0.875	c3	0	0	0	0	0	0	0	0	0	2	$B34
tr40	-16	-1.125	c3	0	0	0	0	0	0	0	0	0	2	$B35
tr41	-16	-1.375	c3	0	0	0	0	0	0	0	0	0	2	$B36
tr42	-16	-1.625	c3	0	0	0	0	0	0	0	0	0	2	$B37
tr43	-16	-1.875	c3	0	0	0	0	0	0	0	0	0	2	$B38
tr44	-16	-2.125	c3	0	0	0	0	0	0	0	0	0	2	$B39
tr45	-16	-2.375	c3	0	0	0	0	0	0	0	0	0	2	$B40
tr46	-16	-2.625	c3	0	0	0	0	0	0	0	0	0	2	$B41
tr47	-16	-2.875	c3	0	0	0	0	0	0	0	0	0	2	$B42
tr48	-16	-3.125	c3	0	0	0	0	0	0	0	0	0	2	$B43
tr49	-16	-3.375	c3	0	0	0	0	0	0	0	0	0	2	$B44
tr50	-16	-3.625	c3	0	0	0	0	0	0	0	0	0	2	$B45
tr51	-16	-3.875	c3	0	0	0	0	0	0	0	0	0	2	$B46
tr52	-16	-4.25	c3	0	0	0	0	0	0	0	0	0	2	$B47
tr53	-16	-4.75	c3	0	0	0	0	0	0	0	0	0	2	$B48
tr54	-16	-5.25	c3	0	0	0	0	0	0	0	0	0	2	$B49
tr55	-16	-5.75	c3	0	0	0	0	0	0	0	0	0	2	$B50
tr56	-16	-6.25	c3	0	0	0	0	0	0	0	0	0	2	$B51
tr57	-16	-6.75	c3	0	0	0	0	0	0	0	0	0	2	$B52
tr58	-16	-7.25	c3	0	0	0	0	0	0	0	0	0	2	$B53
tr59	-16	-7.75	c3	0	0	0	0	0	0	0	0	0	2	$B54
tr60	-16	-8.25	c3	0	0	0	0	0	0	0	0	0	2	$B55
tr61	-16	-8.75	c3	0	0	0	0	0	0	0	0	0	2	$B56
tr62	-16	-9.25	c3	0	0	0	0	0	0	0	0	0	2	$B57
tr63	-16	-9.75	c3	0	0	0	0	0	0	0	0	0	2	$B58
tr64	-16	-10.25	c3	0	0	0	0	0	0	0	0	0	2	$B59
tr65	-16	-10.75	c3	0	0	0	0	0	0	0	0	0	2	$B60
														
 $ MLC Leaves B pos														
tr66	16	10.75	c3	0	0	0	0	0	0	0	0	0	2	$A1
tr67	16	10.25	c3	0	0	0	0	0	0	0	0	0	2	$A2
tr68	16	9.75	c3	0	0	0	0	0	0	0	0	0	2	$A3
tr69	16	9.25	c3	0	0	0	0	0	0	0	0	0	2	$A4
tr70	16	8.75	c3	0	0	0	0	0	0	0	0	0	2	$A5
tr71	16	8.25	c3	0	0	0	0	0	0	0	0	0	2	$A6
tr72	16	7.75	c3	0	0	0	0	0	0	0	0	0	2	$A7
tr73	16	7.25	c3	0	0	0	0	0	0	0	0	0	2	$A8
tr74	16	6.75	c3	0	0	0	0	0	0	0	0	0	2	$A9
tr75	16	6.25	c3	0	0	0	0	0	0	0	0	0	2	$A10
tr76	16	5.75	c3	0	0	0	0	0	0	0	0	0	2	$A11
tr77	16	5.25	c3	0	0	0	0	0	0	0	0	0	2	$A12
tr78	16	4.75	c3	0	0	0	0	0	0	0	0	0	2	$A13
tr79	16	4.25	c3	0	0	0	0	0	0	0	0	0	2	$A14
tr80	16	3.875	c3	0	0	0	0	0	0	0	0	0	2	$A15
tr81	16	3.625	c3	0	0	0	0	0	0	0	0	0	2	$A16
tr82	16	3.375	c3	0	0	0	0	0	0	0	0	0	2	$A17
tr83	16	3.125	c3	0	0	0	0	0	0	0	0	0	2	$A18
tr84	16	2.875	c3	0	0	0	0	0	0	0	0	0	2	$A19
tr85	16	2.625	c3	0	0	0	0	0	0	0	0	0	2	$A20
tr86	16	2.375	c3	0	0	0	0	0	0	0	0	0	2	$A21
tr87	16	2.125	c3	0	0	0	0	0	0	0	0	0	2	$A22
tr88	16	1.875	c3	0	0	0	0	0	0	0	0	0	2	$A23
tr89	16	1.625	c3	0	0	0	0	0	0	0	0	0	2	$A24
tr90	16	1.375	c3	0	0	0	0	0	0	0	0	0	2	$A25
tr91	16	1.125	c3	0	0	0	0	0	0	0	0	0	2	$A26
tr92	17	0.875	c3	0	0	0	0	0	0	0	0	0	2	$A27
tr93	17	0.625	c3	0	0	0	0	0	0	0	0	0	2	$A28
tr94	17	0.375	c3	0	0	0	0	0	0	0	0	0	2	$A29
tr95	17	0.125	c3	0	0	0	0	0	0	0	0	0	2	$A30
tr96	17	-0.125	c3	0	0	0	0	0	0	0	0	0	2	$A31
tr97	17	-0.375	c3	0	0	0	0	0	0	0	0	0	2	$A32
tr98	17	-0.625	c3	0	0	0	0	0	0	0	0	0	2	$A33
tr99	17	-0.875	c3	0	0	0	0	0	0	0	0	0	2	$A34
tr100	16	-1.125	c3	0	0	0	0	0	0	0	0	0	2	$A35
tr101	16	-1.375	c3	0	0	0	0	0	0	0	0	0	2	$A36
tr102	16	-1.625	c3	0	0	0	0	0	0	0	0	0	2	$A37
tr103	16	-1.875	c3	0	0	0	0	0	0	0	0	0	2	$A38
tr104	16	-2.125	c3	0	0	0	0	0	0	0	0	0	2	$A39
tr105	16	-2.375	c3	0	0	0	0	0	0	0	0	0	2	$A40
tr106	16	-2.625	c3	0	0	0	0	0	0	0	0	0	2	$A41
tr107	16	-2.875	c3	0	0	0	0	0	0	0	0	0	2	$A42
tr108	16	-3.125	c3	0	0	0	0	0	0	0	0	0	2	$A43
tr109	16	-3.375	c3	0	0	0	0	0	0	0	0	0	2	$A44
tr110	16	-3.625	c3	0	0	0	0	0	0	0	0	0	2	$A45
tr111	16	-3.875	c3	0	0	0	0	0	0	0	0	0	2	$A46
tr112	16	-4.25	c3	0	0	0	0	0	0	0	0	0	2	$A47
tr113	16	-4.75	c3	0	0	0	0	0	0	0	0	0	2	$A48
tr114	16	-5.25	c3	0	0	0	0	0	0	0	0	0	2	$A49
tr115	16	-5.75	c3	0	0	0	0	0	0	0	0	0	2	$A50
tr116	16	-6.25	c3	0	0	0	0	0	0	0	0	0	2	$A51
tr117	16	-6.75	c3	0	0	0	0	0	0	0	0	0	2	$A52
tr118	16	-7.25	c3	0	0	0	0	0	0	0	0	0	2	$A53
tr119	16	-7.75	c3	0	0	0	0	0	0	0	0	0	2	$A54
tr120	16	-8.25	c3	0	0	0	0	0	0	0	0	0	2	$A55
tr121	16	-8.75	c3	0	0	0	0	0	0	0	0	0	2	$A56
tr122	16	-9.25	c3	0	0	0	0	0	0	0	0	0	2	$A57
tr123	16	-9.75	c3	0	0	0	0	0	0	0	0	0	2	$A58
tr124	16	-10.25	c3	0	0	0	0	0	0	0	0	0	2	$A59
tr125	16	-10.75	c3	0	0	0	0	0	0	0	0	0	2	$A60
