 $ MLC Leaves B pos														
tr6		-32	10.75	c3	0	0	0	0	0	0	0	0	0	2	$B1
tr7		-32	10.25	c3	0	0	0	0	0	0	0	0	0	2	$B2
tr8		-32	9.75	c3	0	0	0	0	0	0	0	0	0	2	$B3
tr9		-32	9.25	c3	0	0	0	0	0	0	0	0	0	2	$B4
tr10	-32	8.75	c3	0	0	0	0	0	0	0	0	0	2	$B5
tr11	-32	8.25	c3	0	0	0	0	0	0	0	0	0	2	$B6
tr12	-32	7.75	c3	0	0	0	0	0	0	0	0	0	2	$B7
tr13	-32	7.25	c3	0	0	0	0	0	0	0	0	0	2	$B8
tr14	-32	6.75	c3	0	0	0	0	0	0	0	0	0	2	$B9
tr15	-32	6.25	c3	0	0	0	0	0	0	0	0	0	2	$B10
tr16	-32	5.75	c3	0	0	0	0	0	0	0	0	0	2	$B11
tr17	-32	5.25	c3	0	0	0	0	0	0	0	0	0	2	$B12
tr18	-32	4.75	c3	0	0	0	0	0	0	0	0	0	2	$B13
tr19	-32	4.25	c3	0	0	0	0	0	0	0	0	0	2	$B14
tr20	-32	3.875	c3	0	0	0	0	0	0	0	0	0	2	$B15
tr21	-32	3.625	c3	0	0	0	0	0	0	0	0	0	2	$B16
tr22	-32	3.375	c3	0	0	0	0	0	0	0	0	0	2	$B17
tr23	-32	3.125	c3	0	0	0	0	0	0	0	0	0	2	$B18
tr24	-32	2.875	c3	0	0	0	0	0	0	0	0	0	2	$B19
tr25	-32	2.625	c3	0	0	0	0	0	0	0	0	0	2	$B20
tr26	-32	2.375	c3	0	0	0	0	0	0	0	0	0	2	$B21
tr27	-32	2.125	c3	0	0	0	0	0	0	0	0	0	2	$B22
tr28	-32	1.875	c3	0	0	0	0	0	0	0	0	0	2	$B23
tr29	-32	1.625	c3	0	0	0	0	0	0	0	0	0	2	$B24
tr30	-32	1.375	c3	0	0	0	0	0	0	0	0	0	2	$B25
tr31	-32	1.125	c3	0	0	0	0	0	0	0	0	0	2	$B26
tr32	-32	0.875	c3	0	0	0	0	0	0	0	0	0	2	$B27
tr33	-32	0.625	c3	0	0	0	0	0	0	0	0	0	2	$B28
tr34	-32	0.375	c3	0	0	0	0	0	0	0	0	0	2	$B29
tr35	-32	0.125	c3	0	0	0	0	0	0	0	0	0	2	$B30
tr36	-32	-0.125	c3	0	0	0	0	0	0	0	0	0	2	$B31
tr37	-32	-0.375	c3	0	0	0	0	0	0	0	0	0	2	$B32
tr38	-32	-0.625	c3	0	0	0	0	0	0	0	0	0	2	$B33
tr39	-32	-0.875	c3	0	0	0	0	0	0	0	0	0	2	$B34
tr40	-32	-1.125	c3	0	0	0	0	0	0	0	0	0	2	$B35
tr41	-32	-1.375	c3	0	0	0	0	0	0	0	0	0	2	$B36
tr42	-32	-1.625	c3	0	0	0	0	0	0	0	0	0	2	$B37
tr43	-32	-1.875	c3	0	0	0	0	0	0	0	0	0	2	$B38
tr44	-32	-2.125	c3	0	0	0	0	0	0	0	0	0	2	$B39
tr45	-32	-2.375	c3	0	0	0	0	0	0	0	0	0	2	$B40
tr46	-32	-2.625	c3	0	0	0	0	0	0	0	0	0	2	$B41
tr47	-32	-2.875	c3	0	0	0	0	0	0	0	0	0	2	$B42
tr48	-32	-3.125	c3	0	0	0	0	0	0	0	0	0	2	$B43
tr49	-32	-3.375	c3	0	0	0	0	0	0	0	0	0	2	$B44
tr50	-32	-3.625	c3	0	0	0	0	0	0	0	0	0	2	$B45
tr51	-32	-3.875	c3	0	0	0	0	0	0	0	0	0	2	$B46
tr52	-32	-4.25	c3	0	0	0	0	0	0	0	0	0	2	$B47
tr53	-32	-4.75	c3	0	0	0	0	0	0	0	0	0	2	$B48
tr54	-32	-5.25	c3	0	0	0	0	0	0	0	0	0	2	$B49
tr55	-32	-5.75	c3	0	0	0	0	0	0	0	0	0	2	$B50
tr56	-32	-6.25	c3	0	0	0	0	0	0	0	0	0	2	$B51
tr57	-32	-6.75	c3	0	0	0	0	0	0	0	0	0	2	$B52
tr58	-32	-7.25	c3	0	0	0	0	0	0	0	0	0	2	$B53
tr59	-32	-7.75	c3	0	0	0	0	0	0	0	0	0	2	$B54
tr60	-32	-8.25	c3	0	0	0	0	0	0	0	0	0	2	$B55
tr61	-32	-8.75	c3	0	0	0	0	0	0	0	0	0	2	$B56
tr62	-32	-9.25	c3	0	0	0	0	0	0	0	0	0	2	$B57
tr63	-32	-9.75	c3	0	0	0	0	0	0	0	0	0	2	$B58
tr64	-32	-10.25	c3	0	0	0	0	0	0	0	0	0	2	$B59
tr65	-32	-10.75	c3	0	0	0	0	0	0	0	0	0	2	$B60
														
 $ MLC Leaves B pos														
tr66	32	10.75	c3	0	0	0	0	0	0	0	0	0	2	$A1
tr67	32	10.25	c3	0	0	0	0	0	0	0	0	0	2	$A2
tr68	32	9.75	c3	0	0	0	0	0	0	0	0	0	2	$A3
tr69	32	9.25	c3	0	0	0	0	0	0	0	0	0	2	$A4
tr70	32	8.75	c3	0	0	0	0	0	0	0	0	0	2	$A5
tr71	32	8.25	c3	0	0	0	0	0	0	0	0	0	2	$A6
tr72	32	7.75	c3	0	0	0	0	0	0	0	0	0	2	$A7
tr73	32	7.25	c3	0	0	0	0	0	0	0	0	0	2	$A8
tr74	32	6.75	c3	0	0	0	0	0	0	0	0	0	2	$A9
tr75	32	6.25	c3	0	0	0	0	0	0	0	0	0	2	$A10
tr76	32	5.75	c3	0	0	0	0	0	0	0	0	0	2	$A11
tr77	32	5.25	c3	0	0	0	0	0	0	0	0	0	2	$A12
tr78	32	4.75	c3	0	0	0	0	0	0	0	0	0	2	$A13
tr79	32	4.25	c3	0	0	0	0	0	0	0	0	0	2	$A14
tr80	32	3.875	c3	0	0	0	0	0	0	0	0	0	2	$A15
tr81	32	3.625	c3	0	0	0	0	0	0	0	0	0	2	$A16
tr82	32	3.375	c3	0	0	0	0	0	0	0	0	0	2	$A17
tr83	32	3.125	c3	0	0	0	0	0	0	0	0	0	2	$A18
tr84	32	2.875	c3	0	0	0	0	0	0	0	0	0	2	$A19
tr85	32	2.625	c3	0	0	0	0	0	0	0	0	0	2	$A20
tr86	32	2.375	c3	0	0	0	0	0	0	0	0	0	2	$A21
tr87	32	2.125	c3	0	0	0	0	0	0	0	0	0	2	$A22
tr88	32	1.875	c3	0	0	0	0	0	0	0	0	0	2	$A23
tr89	32	1.625	c3	0	0	0	0	0	0	0	0	0	2	$A24
tr90	32	1.375	c3	0	0	0	0	0	0	0	0	0	2	$A25
tr91	32	1.125	c3	0	0	0	0	0	0	0	0	0	2	$A26
tr92	32	0.875	c3	0	0	0	0	0	0	0	0	0	2	$A27
tr93	32	0.625	c3	0	0	0	0	0	0	0	0	0	2	$A28
tr94	32	0.375	c3	0	0	0	0	0	0	0	0	0	2	$A29
tr95	32	0.125	c3	0	0	0	0	0	0	0	0	0	2	$A30
tr96	32	-0.125	c3	0	0	0	0	0	0	0	0	0	2	$A31
tr97	32	-0.375	c3	0	0	0	0	0	0	0	0	0	2	$A32
tr98	32	-0.625	c3	0	0	0	0	0	0	0	0	0	2	$A33
tr99	32	-0.875	c3	0	0	0	0	0	0	0	0	0	2	$A34
tr100	32	-1.125	c3	0	0	0	0	0	0	0	0	0	2	$A35
tr101	32	-1.375	c3	0	0	0	0	0	0	0	0	0	2	$A36
tr102	32	-1.625	c3	0	0	0	0	0	0	0	0	0	2	$A37
tr103	32	-1.875	c3	0	0	0	0	0	0	0	0	0	2	$A38
tr104	32	-2.125	c3	0	0	0	0	0	0	0	0	0	2	$A39
tr105	32	-2.375	c3	0	0	0	0	0	0	0	0	0	2	$A40
tr106	32	-2.625	c3	0	0	0	0	0	0	0	0	0	2	$A41
tr107	32	-2.875	c3	0	0	0	0	0	0	0	0	0	2	$A42
tr108	32	-3.125	c3	0	0	0	0	0	0	0	0	0	2	$A43
tr109	32	-3.375	c3	0	0	0	0	0	0	0	0	0	2	$A44
tr110	32	-3.625	c3	0	0	0	0	0	0	0	0	0	2	$A45
tr111	32	-3.875	c3	0	0	0	0	0	0	0	0	0	2	$A46
tr112	32	-4.25	c3	0	0	0	0	0	0	0	0	0	2	$A47
tr113	32	-4.75	c3	0	0	0	0	0	0	0	0	0	2	$A48
tr114	32	-5.25	c3	0	0	0	0	0	0	0	0	0	2	$A49
tr115	32	-5.75	c3	0	0	0	0	0	0	0	0	0	2	$A50
tr116	32	-6.25	c3	0	0	0	0	0	0	0	0	0	2	$A51
tr117	32	-6.75	c3	0	0	0	0	0	0	0	0	0	2	$A52
tr118	32	-7.25	c3	0	0	0	0	0	0	0	0	0	2	$A53
tr119	32	-7.75	c3	0	0	0	0	0	0	0	0	0	2	$A54
tr120	32	-8.25	c3	0	0	0	0	0	0	0	0	0	2	$A55
tr121	32	-8.75	c3	0	0	0	0	0	0	0	0	0	2	$A56
tr122	32	-9.25	c3	0	0	0	0	0	0	0	0	0	2	$A57
tr123	32	-9.75	c3	0	0	0	0	0	0	0	0	0	2	$A58
tr124	32	-10.25	c3	0	0	0	0	0	0	0	0	0	2	$A59
tr125	32	-10.75	c3	0	0	0	0	0	0	0	0	0	2	$A60
