3.4
3.4
3.5
3.6
3.7
3.8
3.8
4.0
4.0
4.1
4.2
4.4
4.5
4.6
4.7
4.8
5.0
5.1
5.3
5.5
5.6
5.8
5.9
6.2
6.3
6.6
6.8
7.1
7.2
7.5
7.8
8.1
8.4
8.7
9.1
9.5
10.1
10.8
11.6
12.7
14.5
17.5
22.5
29.1
38.3
48.0
57.0
65.8
73.6
78.7
82.1
84.1
85.5
86.6
87.4
88.1
88.8
89.4
90.0
90.5
91.0
91.4
91.9
92.3
92.8
93.2
93.6
93.9
94.2
94.7
95.1
95.3
95.6
96.0
96.3
96.6
96.8
97.1
97.4
97.6
97.9
98.0
98.2
98.5
98.7
98.7
98.9
99.1
99.2
99.4
99.5
99.6
99.7
99.7
99.8
99.9
99.9
99.9
100.0
100.0
100.0
100.0
100.0
100.0
99.9
99.9
99.8
99.7
99.6
99.5
99.4
99.3
99.1
99.0
98.9
98.8
98.6
98.4
98.1
97.9
97.6
97.5
97.2
97.0
96.8
96.5
96.2
95.8
95.6
95.2
94.8
94.5
94.1
93.8
93.4
93.0
92.6
92.3
91.8
91.2
90.8
90.3
89.7
89.2
88.6
87.9
87.1
86.4
85.3
83.9
81.9
78.5
73.4
65.7
57.0
47.8
38.0
29.1
22.4
17.2
14.5
12.7
11.5
10.7
10.1
9.6
9.1
8.7
8.4
8.1
7.8
7.5
7.3
7.0
6.8
6.6
6.3
6.2
6.0
5.8
5.6
5.5
5.3
5.1
5.0
4.9
4.7
4.6
4.5
4.4
4.3
4.2
4.1
4.0
3.8
3.8
3.7
3.6
3.5
3.4
3.4